2017  8  1 第1學期開始
2017  8  4 第1學期弱勢助學計畫申請開始
2017  8 10 第1學期新生學雜費減免申請開始
2017  8 11 新生(含專班)第1學期就學貸款申請開始
2017  8 20 第1學期新生學雜費減免申請結束
2017  8 25 105學年度第2學期完成學位考試之研究生離校截止日
2017  8 27 祖父母節,105學年度暑期班上課最後一天
2017  8 28 105學年度暑期班考試週開始
2017  8 31 暑假結束
2017  9  1 圖書館恢復學期中開館時間
2017  9  1 游泳教學開始
2017  9  3 105學年度暑期班考試週結束
2017  9  8 新生(含專班)第1學期就學貸款申請結束
2017  9  8 105學年度暑期班教師送繳成績截止日
2017  9  8 學生宿舍進住開始日
2017  9 11 新生註冊週開始
2017  9 11 新生(含專班)抵免學分申請開始
2017  9 13 新生(含專班)第一階段選課開始
2017  9 15 新生註冊週結束
2017  9 17 新生(含專班)第一階段選課結束
2017  9 18 第1學期上課開始
2017  9 18 研究生舊生註冊
2017  9 18 研究生學位考試申請開始日
2017  9 18 學生加退選(第二階段選課）開始
2017  9 18 碩士專班舊生註冊開始
2017  9 19 學士班舊生註冊開始
2017  9 20 學士班舊生註冊結束
2017  9 21 碩士專班舊生註冊結束
2017  9 21 全體在校生（含專班）註冊截止日
2017  9 25 新生(含專班)抵免學分申請結束
2017 10  2 學生加退選(第二階段選課）結束
2017 10  2 第1學期研究生學位考試開始日
2017 10  3 社會服務學習執行計畫第一梯次選擇開始
2017 10  4 中秋節
2017 10  4 圖書館
2017 10  4 體育館休館
2017 10  7 社會服務學習執行計畫第一梯次選擇結束
2017 10  9 調整放假（補行上班日依行政院公告)
2017 10 10 國慶日
2017 10 15 學生及實習教師繳交「不參加學生團體保險切結書」截止日
2017 10 20 第1學期弱勢助學計畫申請結束
2017 10 23 召開第118次校務會議
2017 10 27 學生申請休
2017 10 27 退學退費上課達1/3基準日
2017 10 28 本校校慶運動會
2017 10 31 本校校慶
2017 10 31 放棄輔系
2017 10 31 雙主修申請截止日
2017 11 13 期中考試週開始
2017 11 19 期中考試週結束
2017 11 20 第1學期科目棄選
2017 11 20 更改不列入畢業學分屬性申請開始日
2017 11 30 游泳教學結束
2017 12  1 第2學期學雜費減免申請開始
2017 12  8 學生申請休
2017 12  8 退學退費上課達2/3基準日
2017 12 12 社會服務學習執行計畫第二梯次選擇開始
2017 12 15 第1學期研究生學位考試申請截止日
2017 12 16 社會服務學習執行計畫第二梯次選擇結束
2017 12 25 召開第119次校務會議
2017 12 29 學士班學生提前畢業申請截止日
2017 12 29 第1學期科目棄選申請截止日
2017 12 31 第2學期學雜費減免申請結束
2018  1  1 中華民國開國紀念日
2018  1  5 第2學期第一階段選課開始
2018  1 11 第2學期第一階段選課結束
2018  1 12 第1學期上課最後一天
2018  1 12 第1學期休學申請截止日
2018  1 12 更改不列入畢業學分屬性申請截止日
2018  1 13 期末考試週開始
2018  1 15 各系所向教學組提出申請106學年度第2學期逕讀博士學位學生有關資料截止日
2018  1 19 期末考試週結束
2018  1 22 第1學期研究生學位考試截止日
2018  1 22 寒假開始(圖書館寒假開館時間開始)
2018  1 24 學生宿舍退宿截止日
2018  1 29 第1學期任課教師送繳學期成績截止日
2018  1 31 第1學期學士班畢業生「英文能力」及「資訊能力」登錄截止日
2018  1 31 第1學期結束
2018  2  1 第2學期開始
2018  2  3 全校停電（特高壓電力設備年度保養）
2018  2  3 圖書館
2018  2  3 體育館休館
2018  2  6 第1學期完成學位考試之研究生離校截止日
2018  2 14 圖書館17時閉館
2018  2 15 農曆除夕
2018  2 15 圖書館休館
2018  2 15 學生宿舍關閉
2018  2 16 春節
2018  2 16 圖書館休館
2018  2 16 學生宿舍關閉開始
2018  2 20 春節
2018  2 20 圖書館休館
2018  2 20 學生宿舍關閉結束
2018  2 23 寒假結束(圖書館恢復學期中開館時間)
2018  2 23 學生宿舍進住開始日
2018  2 23 第2學期就學貸款申請截止日
2018  2 26 提早入學新生
2018  2 26 新增課程抵免學分申請開始
2018  2 26 學生加退選（第二階段選課）開始
2018  2 26 第2學期上課開始
2018  2 26 提早入學新生註冊
2018  2 26 研究生註冊
2018  2 26 研究生學位考試申請開始日
2018  2 26 學士班學生註冊
2018  2 26 碩士專班學生註冊開始
2018  2 27 全體在校生（含專班）註冊截止日
2018  2 27 學士班學生註冊
2018  2 27 碩士專班學生註冊結束
2018  2 28 和平紀念日
2018  3  5 提早入學新生
2018  3  5 新增課程抵免學分申請結束
2018  3 12 學生加退選（第二階段選課）結束
2018  3 12 第2學期研究生學位考試開始日
2018  3 13 社會服務學習執行計畫第一梯次選擇開始
2018  3 15 學生繳交「不參加學生團體保險切結書」截止日
2018  3 17 社會服務學習執行計畫第一梯次選擇結束
2018  4  1 游泳教學開始
2018  4  2 校際活動（停課
2018  4  2 課程由教師自行擇期補課）開始
2018  4  2 放棄輔系
2018  4  2 雙主修申請截止日
2018  4  3 學生申請休
2018  4  3 退學退費上課達1/3基準日
2018  4  3 校際活動（停課
2018  4  3 課程由教師自行擇期補課）結束
2018  4  4 兒童節
2018  4  4 體育館休館
2018  4  5 民族掃墓節
2018  4  5 圖書館
2018  4  5 體育館休館
2018  4  6 調整放假（補行上班日依行政院公告
2018  4  6 並為本校校慶補休日)
2018  4 16 召開第120次校務會議
2018  4 23 期中考試週開始
2018  4 29 期中考試週結束
2018  4 30 第2學期科目棄選
2018  4 30 更改不列入畢業學分屬性申請開始日
2018  5  1 107學年度第1學期學雜費減免申請開始
2018  5  1 勞動節
2018  5 18 學生申請休
2018  5 18 退學退費上課達2/3基準日
2018  5 29 社會服務學習執行計畫第二梯次選擇開始
2018  5 31 107學年度第1學期學雜費減免申請結束
2018  5 31 學士班學生提前畢業申請截止日
2018  5 31 第2學期科目棄選申請截止日
2018  6  1 學生轉系申請
2018  6  1 學士班學生加修輔系
2018  6  1 雙主修申請開始
2018  6  2 社會服務學習執行計畫第二梯次選擇結束
2018  6  9 畢業典禮
2018  6 11 召開第121次校務會議
2018  6 15 第2學期研究生學位考試申請截止日
2018  6 15 107學年度第1學期第一階段選課開始
2018  6 15 學生轉系申請
2018  6 15 學士班學生加修輔系
2018  6 15 雙主修申請結束
2018  6 18 端午節
2018  6 18 圖書館
2018  6 18 體育館休館
2018  6 21 107學年度第1學期第一階段選課結束
2018  6 22 第2學期上課最後一天
2018  6 22 第2學期休學申請截止日
2018  6 22 更改不列入畢業學分屬性申請截止日
2018  6 23 期末考試週開始
2018  6 25 暑期班選課開始
2018  6 27 暑期班選課結束
2018  6 29 期末考試週結束
2018  6 30 游泳教學結束
2018  7  1 暑假開始(圖書館暑假開館時間開始)
2018  7  4 106學年度暑期班上課開始日
2018  7  4 第2學期任課教師送繳學士班應屆畢業生成績截止日
2018  7  8 學生宿舍退宿截止日
2018  7  9 第2學期任課教師送繳學期成績截止日
2018  7 31 各系所向教學組提出申請107學年度第1學期逕讀博士學位之學生有關資料截止日
2018  7 31 第2學期研究生學位考試截止日
2018  7 31 第2學期學士班畢業生「英文能力」及「資訊能力」登錄截止日
2018  7 31 第2學期結束
